	7.0	8.0	9.0	10.0	11.0	12.0	13.0	14.0	15.0	16.0	17.0	18.0	19.0	20.0	21.0	22.0	23.0	24.0	25.0	26.0	27.0	28.0	29.0	30.0	31.0	32.0	33.0	34.0	35.0	36.0	37.0	38.0	39.0	40.0
SRR5264037_1	57.0	313.0	791.0	1609.0	3017.0	5315.0	9222.0	13979.0	17528.0	20424.0	25430.0	32650.0	42989.0	55829.0	73484.0	92463.0	100339.0	99927.0	103294.0	114245.0	135684.0	165869.0	203839.0	252486.0	312111.0	384352.0	482788.0	657247.0	1024794.0	1914152.0	4212310.0	6101178.0	1632029.0	1765.0
	6.0	7.0	8.0	9.0	10.0	11.0	12.0	13.0	14.0	15.0	16.0	17.0	18.0	19.0	20.0	21.0	22.0	23.0	24.0	25.0	26.0	27.0	28.0	29.0	30.0	31.0	32.0	33.0	34.0	35.0	36.0	37.0	38.0	39.0	40.0
SRR5264037_2	98.0	1679.0	8423.0	14022.0	14051.0	13591.0	15632.0	18895.0	23738.0	30198.0	37826.0	48439.0	61289.0	76121.0	93777.0	113038.0	127912.0	134593.0	136080.0	139777.0	153769.0	174618.0	205489.0	243836.0	291883.0	354982.0	441887.0	567737.0	783722.0	1191341.0	2065320.0	4036048.0	5243149.0	1429095.0	1454.0
	7.0	8.0	9.0	10.0	11.0	12.0	13.0	14.0	15.0	16.0	17.0	18.0	19.0	20.0	21.0	22.0	23.0	24.0	25.0	26.0	27.0	28.0	29.0	30.0	31.0	32.0	33.0	34.0	35.0	36.0	37.0	38.0	39.0	40.0
SRR5264040_1	44.0	214.0	535.0	1200.0	2470.0	4977.0	9222.0	14326.0	17504.0	19253.0	21223.0	24177.0	29252.0	36088.0	46164.0	58165.0	65665.0	67475.0	70667.0	78865.0	92972.0	113941.0	140492.0	173887.0	217563.0	270363.0	345553.0	491939.0	831837.0	1668129.0	3445375.0	4382415.0	1136060.0	1106.0
	5.0	6.0	7.0	8.0	9.0	10.0	11.0	12.0	13.0	14.0	15.0	16.0	17.0	18.0	19.0	20.0	21.0	22.0	23.0	24.0	25.0	26.0	27.0	28.0	29.0	30.0	31.0	32.0	33.0	34.0	35.0	36.0	37.0	38.0	39.0	40.0
SRR5264040_2	1.0	128.0	2049.0	8104.0	11425.0	11557.0	11989.0	14268.0	17478.0	22266.0	27560.0	32411.0	38387.0	44821.0	52614.0	61963.0	73509.0	84763.0	90871.0	92706.0	94882.0	101309.0	115136.0	133847.0	157886.0	190107.0	233811.0	296099.0	386741.0	558848.0	916292.0	1712169.0	3274743.0	3967927.0	1039545.0	906.0
	6.0	7.0	8.0	9.0	10.0	11.0	12.0	13.0	14.0	15.0	16.0	17.0	18.0	19.0	20.0	21.0	22.0	23.0	24.0	25.0	26.0	27.0	28.0	29.0	30.0	31.0	32.0	33.0	34.0	35.0	36.0	37.0	38.0	39.0	40.0
SRR5264043_1	2.0	82.0	607.0	1509.0	2895.0	5149.0	9254.0	16239.0	24688.0	30726.0	34027.0	37070.0	42013.0	48829.0	58726.0	71791.0	85771.0	91304.0	92012.0	94911.0	103954.0	121582.0	146133.0	176696.0	217826.0	271830.0	323930.0	387611.0	515411.0	805073.0	1526767.0	3355006.0	4749887.0	1174580.0	829.0
	5.0	6.0	7.0	8.0	9.0	10.0	11.0	12.0	13.0	14.0	15.0	16.0	17.0	18.0	19.0	20.0	21.0	22.0	23.0	24.0	25.0	26.0	27.0	28.0	29.0	30.0	31.0	32.0	33.0	34.0	35.0	36.0	37.0	38.0	39.0	40.0
SRR5264043_2	2.0	214.0	3547.0	16368.0	26063.0	24804.0	22453.0	23068.0	26208.0	31997.0	38735.0	46217.0	55340.0	65896.0	78113.0	92435.0	106730.0	118216.0	121576.0	121092.0	123695.0	133545.0	149861.0	171047.0	199847.0	233586.0	279847.0	341121.0	433253.0	600802.0	923587.0	1631984.0	3217206.0	4124846.0	1040741.0	678.0
	7.0	8.0	9.0	10.0	11.0	12.0	13.0	14.0	15.0	16.0	17.0	18.0	19.0	20.0	21.0	22.0	23.0	24.0	25.0	26.0	27.0	28.0	29.0	30.0	31.0	32.0	33.0	34.0	35.0	36.0	37.0	38.0	39.0	40.0
SRR5264054_1	29.0	191.0	402.0	813.0	1273.0	2090.0	3475.0	5141.0	7288.0	9944.0	12899.0	17154.0	22878.0	30801.0	42409.0	54639.0	61785.0	64894.0	70842.0	82694.0	101257.0	125513.0	157273.0	195274.0	244409.0	304701.0	391136.0	549157.0	905017.0	1771327.0	3635253.0	4944410.0	1376566.0	1411.0
	6.0	7.0	8.0	9.0	10.0	11.0	12.0	13.0	14.0	15.0	16.0	17.0	18.0	19.0	20.0	21.0	22.0	23.0	24.0	25.0	26.0	27.0	28.0	29.0	30.0	31.0	32.0	33.0	34.0	35.0	36.0	37.0	38.0	39.0	40.0
SRR5264054_2	78.0	1305.0	5312.0	7656.0	7613.0	8311.0	10642.0	13726.0	17403.0	22038.0	27171.0	33549.0	41907.0	52634.0	64804.0	78194.0	89415.0	96039.0	99961.0	105860.0	117773.0	136037.0	159862.0	189855.0	228825.0	281127.0	353551.0	461246.0	652233.0	1038017.0	1871524.0	3463750.0	4271556.0	1184375.0	996.0
	6.0	7.0	8.0	9.0	10.0	11.0	12.0	13.0	14.0	15.0	16.0	17.0	18.0	19.0	20.0	21.0	22.0	23.0	24.0	25.0	26.0	27.0	28.0	29.0	30.0	31.0	32.0	33.0	34.0	35.0	36.0	37.0	38.0	39.0	40.0
SRR5264057_1	2.0	113.0	538.0	1424.0	3200.0	6807.0	13286.0	24059.0	35742.0	41774.0	42494.0	41874.0	42916.0	46447.0	51703.0	58781.0	67404.0	70801.0	69815.0	70487.0	74221.0	84352.0	98367.0	117844.0	142845.0	175646.0	209443.0	253393.0	340675.0	545473.0	1032055.0	2228049.0	3209376.0	895043.0	965.0
	5.0	6.0	7.0	8.0	9.0	10.0	11.0	12.0	13.0	14.0	15.0	16.0	17.0	18.0	19.0	20.0	21.0	22.0	23.0	24.0	25.0	26.0	27.0	28.0	29.0	30.0	31.0	32.0	33.0	34.0	35.0	36.0	37.0	38.0	39.0	40.0
SRR5264057_2	1.0	227.0	3648.0	15456.0	24340.0	24092.0	23205.0	24899.0	29097.0	36197.0	43808.0	49313.0	54878.0	60673.0	67669.0	74821.0	82727.0	89558.0	90475.0	87556.0	86991.0	90671.0	98973.0	111548.0	127669.0	147617.0	175942.0	216322.0	275194.0	385461.0	607735.0	1068866.0	2138995.0	2882749.0	799315.0	726.0
	7.0	8.0	9.0	10.0	11.0	12.0	13.0	14.0	15.0	16.0	17.0	18.0	19.0	20.0	21.0	22.0	23.0	24.0	25.0	26.0	27.0	28.0	29.0	30.0	31.0	32.0	33.0	34.0	35.0	36.0	37.0	38.0	39.0	40.0
SRR5264060_1	39.0	242.0	651.0	1434.0	2782.0	5324.0	9564.0	14833.0	19064.0	22178.0	26605.0	32964.0	41896.0	53016.0	70317.0	85773.0	91610.0	91986.0	97657.0	110805.0	131511.0	160906.0	198822.0	245937.0	307641.0	379770.0	480113.0	665992.0	1077162.0	2088264.0	4493017.0	6472438.0	1783051.0	1581.0
	5.0	6.0	7.0	8.0	9.0	10.0	11.0	12.0	13.0	14.0	15.0	16.0	17.0	18.0	19.0	20.0	21.0	22.0	23.0	24.0	25.0	26.0	27.0	28.0	29.0	30.0	31.0	32.0	33.0	34.0	35.0	36.0	37.0	38.0	39.0	40.0
SRR5264060_2	1.0	109.0	2154.0	9653.0	13871.0	13765.0	14206.0	15933.0	19696.0	25143.0	31134.0	39144.0	48632.0	59808.0	73007.0	88973.0	107124.0	119541.0	124630.0	125438.0	130614.0	142312.0	162385.0	188818.0	223614.0	269643.0	332014.0	418820.0	545566.0	772805.0	1224844.0	2212106.0	4343963.0	5745196.0	1618985.0	1298.0
	6.0	7.0	8.0	9.0	10.0	11.0	12.0	13.0	14.0	15.0	16.0	17.0	18.0	19.0	20.0	21.0	22.0	23.0	24.0	25.0	26.0	27.0	28.0	29.0	30.0	31.0	32.0	33.0	34.0	35.0	36.0	37.0	38.0	39.0	40.0
SRR5264067_1	4.0	173.0	858.0	2232.0	4654.0	9090.0	16999.0	30232.0	45195.0	53742.0	56238.0	57722.0	61121.0	65998.0	73743.0	84381.0	94863.0	96952.0	94683.0	94394.0	99683.0	111453.0	129909.0	154252.0	185686.0	227669.0	265918.0	313521.0	409146.0	629631.0	1171607.0	2502064.0	3610338.0	1021069.0	1279.0
	5.0	6.0	7.0	8.0	9.0	10.0	11.0	12.0	13.0	14.0	15.0	16.0	17.0	18.0	19.0	20.0	21.0	22.0	23.0	24.0	25.0	26.0	27.0	28.0	29.0	30.0	31.0	32.0	33.0	34.0	35.0	36.0	37.0	38.0	39.0	40.0
SRR5264067_2	1.0	293.0	4952.0	22045.0	34392.0	32879.0	30194.0	31163.0	35572.0	44160.0	53380.0	62206.0	70933.0	81703.0	92073.0	102753.0	114235.0	120716.0	118717.0	114552.0	112588.0	118372.0	128752.0	144316.0	163650.0	189708.0	223498.0	268916.0	339417.0	467896.0	717636.0	1242181.0	2410605.0	3171678.0	909369.0	998.0
	7.0	8.0	9.0	10.0	11.0	12.0	13.0	14.0	15.0	16.0	17.0	18.0	19.0	20.0	21.0	22.0	23.0	24.0	25.0	26.0	27.0	28.0	29.0	30.0	31.0	32.0	33.0	34.0	35.0	36.0	37.0	38.0	39.0	40.0
SRR5264070_1	54.0	407.0	1163.0	2401.0	4625.0	8275.0	14637.0	22179.0	27990.0	31601.0	35605.0	41934.0	51157.0	62277.0	79148.0	95592.0	102520.0	103129.0	110087.0	123723.0	147186.0	178943.0	218748.0	270064.0	335677.0	413213.0	510248.0	692816.0	1089506.0	2046687.0	4357364.0	6572778.0	2042988.0	2457.0
	5.0	6.0	7.0	8.0	9.0	10.0	11.0	12.0	13.0	14.0	15.0	16.0	17.0	18.0	19.0	20.0	21.0	22.0	23.0	24.0	25.0	26.0	27.0	28.0	29.0	30.0	31.0	32.0	33.0	34.0	35.0	36.0	37.0	38.0	39.0	40.0
SRR5264070_2	1.0	130.0	2956.0	14702.0	21699.0	20826.0	19773.0	21397.0	24681.0	30498.0	38000.0	45934.0	55960.0	68134.0	82261.0	99731.0	116853.0	129447.0	134105.0	136217.0	141375.0	155391.0	175915.0	205097.0	242511.0	291163.0	355621.0	446553.0	575983.0	808532.0	1254023.0	2198870.0	4245073.0	5770085.0	1865743.0	1939.0
	6.0	7.0	8.0	9.0	10.0	11.0	12.0	13.0	14.0	15.0	16.0	17.0	18.0	19.0	20.0	21.0	22.0	23.0	24.0	25.0	26.0	27.0	28.0	29.0	30.0	31.0	32.0	33.0	34.0	35.0	36.0	37.0	38.0	39.0	40.0
SRR5264073_1	1.0	167.0	931.0	2670.0	5774.0	11552.0	22101.0	39147.0	57192.0	66427.0	66765.0	64498.0	62034.0	62232.0	64262.0	68637.0	74046.0	75625.0	73751.0	73969.0	75821.0	82049.0	93262.0	108397.0	130452.0	161072.0	185522.0	204259.0	250781.0	383285.0	731924.0	1600930.0	2270073.0	643599.0	773.0
	5.0	6.0	7.0	8.0	9.0	10.0	11.0	12.0	13.0	14.0	15.0	16.0	17.0	18.0	19.0	20.0	21.0	22.0	23.0	24.0	25.0	26.0	27.0	28.0	29.0	30.0	31.0	32.0	33.0	34.0	35.0	36.0	37.0	38.0	39.0	40.0
SRR5264073_2	1.0	412.0	5718.0	26731.0	42489.0	40622.0	37230.0	37646.0	42335.0	51261.0	59833.0	66727.0	73152.0	81048.0	89166.0	97405.0	102446.0	102730.0	98500.0	91298.0	87000.0	88588.0	93250.0	101349.0	109870.0	121249.0	136269.0	158893.0	200466.0	277772.0	436809.0	775212.0	1540690.0	1990074.0	549141.0	598.0

