Sample	Unmapped	Overlapping Genes	Multimapping	No Feature	Ambiguous Features
ENB_1	2962037.0	8042750.0	652185.0	3210808.0	326565.0
ENB_2	2100597.0	4936151.0	445919.0	2388458.0	226289.0
ENB_3	3995138.0	9991854.0	791157.0	4080005.0	406791.0
LNB_1	3700068.0	5246581.0	451431.0	2153326.0	225093.0
LNB_2	5252716.0	9135674.0	741060.0	4276396.0	391333.0
LNB_3	2253497.0	3858922.0	291105.0	1251186.0	159270.0
NSC_1	5071407.0	9530203.0	769412.0	2511401.0	411086.0
NSC_2	1671817.0	8671636.0	617244.0	2577112.0	341309.0
NSC_3	3952412.0	7840382.0	632536.0	1866255.0	333135.0
