Sample	Unmapped	Overlapping Genes	Multimapping	No Feature	Ambiguous Features
ENB_1	2962037.0	4223597.0	652185.0	7304213.0	52313.0
ENB_2	2100597.0	2613481.0	445919.0	4900245.0	37172.0
ENB_3	3995138.0	5249968.0	791157.0	9162248.0	66434.0
LNB_1	3700068.0	2770904.0	451431.0	4817701.0	36395.0
LNB_2	5252716.0	4821371.0	741060.0	8920513.0	61519.0
LNB_3	2253497.0	2034059.0	291105.0	3211036.0	24283.0
NSC_1	5071407.0	5026208.0	769412.0	7359998.0	66484.0
NSC_2	1671817.0	4550639.0	617244.0	6983927.0	55491.0
NSC_3	3952412.0	4134563.0	632536.0	5850471.0	54738.0
