Sample	Unmapped	Overlapping Genes	Multimapping	No Feature	Ambiguous Features
ENB_1	2962037.0	4267284.0	652185.0	7259611.0	53228.0
ENB_2	2100597.0	2629192.0	445919.0	4883729.0	37977.0
ENB_3	3995138.0	5295915.0	791157.0	9115578.0	67157.0
LNB_1	3700068.0	2785784.0	451431.0	4802284.0	36932.0
LNB_2	5252716.0	4855592.0	741060.0	8884981.0	62830.0
LNB_3	2253497.0	2050821.0	291105.0	3193745.0	24812.0
NSC_1	5071407.0	5068300.0	769412.0	7316919.0	67471.0
NSC_2	1671817.0	4587781.0	617244.0	6945828.0	56448.0
NSC_3	3952412.0	4159724.0	632536.0	5824756.0	55292.0
