Sample	uniquely_mapped_percent	num_splices	num_GCAG_splices	insertion_length	deletion_length	unmapped_tooshort_percent	avg_mapped_read_length	deletion_rate	mismatch_rate	avg_input_read_length	num_ATAC_splices	num_annotated_splices	num_GTAG_splices	uniquely_mapped	multimapped_toomany	unmapped_mismatches	unmapped_mismatches_percent	total_reads	unmapped_other	insertion_rate	unmapped_other_percent	multimapped_percent	multimapped	num_noncanonical_splices	unmapped_tooshort	multimapped_toomany_percent
ENB_1	76.21	4966104.0	39095.0	1.21	2.75	19.19	197.14	0.03	0.21	202.0	5248.0	4846193.0	4892766.0	11580123.0	27129.0	0	0.0	15194345.0	18239	0.01	0.12	4.29	652185.0	28995.0	2916669	0.18
ENB_2	74.78	3371981.0	26796.0	1.23	1.91	20.42	197.71	0.02	0.19	202.0	3330.0	3291608.0	3321861.0	7550898.0	22329.0	0	0.0	10097414.0	16158	0.01	0.16	4.42	445919.0	19994.0	2062110	0.22
ENB_3	75.16	6382202.0	49820.0	1.19	2.12	20.41	197.26	0.02	0.19	202.0	6534.0	6228230.0	6291237.0	14478650.0	39184.0	0	0.0	19264945.0	25038	0.01	0.13	4.11	791157.0	34611.0	3930916	0.2
LNB_1	64.75	3419648.0	28134.0	1.22	1.91	31.11	195.45	0.01	0.19	202.0	3188.0	3339178.0	3368194.0	7625000.0	22632.0	0	0.0	11776499.0	14130	0.01	0.12	3.83	451431.0	20132.0	3663306	0.19
LNB_2	69.72	5417614.0	42021.0	1.31	2.01	26.26	195.7	0.02	0.19	202.0	5772.0	5279154.0	5338804.0	13803403.0	30285.0	0	0.0	19797179.0	23756	0.01	0.12	3.74	741060.0	31017.0	5198675	0.15
LNB_3	67.44	2554704.0	19662.0	1.23	1.92	28.54	197.3	0.01	0.19	202.0	2297.0	2504702.0	2521776.0	5269378.0	14580.0	0	0.0	7813980.0	9374	0.01	0.12	3.73	291105.0	10969.0	2229543	0.19
NSC_1	68.07	6875425.0	49972.0	1.23	1.66	27.38	195.67	0.01	0.17	202.0	7017.0	6756022.0	6794464.0	12452690.0	48982.0	0	0.0	18293509.0	14632	0.01	0.08	4.21	769412.0	23972.0	5007793	0.27
NSC_2	83.51	5822454.0	41263.0	1.2	2.44	11.7	198.79	0.03	0.21	202.0	5688.0	5709443.0	5747035.0	11590057.0	33926.0	0	0.0	13879118.0	15256	0.01	0.11	4.45	617244.0	28468.0	1622635	0.24
NSC_3	68.65	5805639.0	42729.0	1.22	1.8	26.69	195.94	0.01	0.18	202.0	5894.0	5705255.0	5736266.0	10039772.0	38945.0	0	0.0	14624720.0	10237	0.01	0.07	4.33	632536.0	20750.0	3903230	0.27
